10061023
10061024
10061025
10061026
10061027
10061028
10061029
10061030
10061032
10061031
10101004
10101005
10161006
10101006
10061034
10061035
10111003
10011701
10011703
10011704
10131024
10131028
10131029
10201008
10011756
10131034
10131031
10131033
10131035
10061045
10061046
10061047
10061049
10061051
10061057
10061058
10061059
10061060
10061061
10061064
10081011
10061071
10061072
10091004
10201012
10181058
10101007
10061073
10161021
10161022
10161023
10031002
10241001
10241002
10241003
10241004
10241006
10241007
10241008
10241009
10241010
10241011
10241012
10241013
10161020
10241014
10241015
10241016
10241017
10131039
10131040
10101008
10241018
10101009
10241019
10241020
10131043
10081013
10241021
10131046
10131052
10131053
10131055
10241022
10131057
10131058
10131059
10241023
10241024
10241025
10161012
10061084
10061085
10061086
10061087
10061088
10061089
10061090
10061093
10061098
10061099
10061100
10061101
10011835
10161025
10161028
10161024
10261004
10101010
10101011
10101012
10101013
10241026
10241027
10241028
10161026
10161027
10011854
10261001
10261002
10261003
10241030
10261005
10011855
10011867
10131047
10241031
10241032
10011872
10011875
10131063
10011876
10131065
10131067
10011883
10261007
10061114
10181014
10181027
10131068
10181030
10181041
10181044
10181032
10181054
10181052
10181019
10181022
10181055
10251002
10241033
10261008
10261009
10261010
10241034
10081012
10251003
10181062
10181060
10181063
10181059
10181057
10181053
10181061
10181050
10181047
10181040
10181025
10251004
10011890
10011763
10011758
10201015
10201016
10081014
10241035
10271001
10081016
10261013
10261014
10261015
10261016
10261017
10261018
10261019
10261020
10261021
10261022
10261023
10161029
10181020
10181007
10181056
10261024
10261025
10261026
10261039
10181064
10181049
10061102
10181029
10311001
10241036
10061107
10061108
10181065
10061123
10131009
10131006
10131004
10131001
10011912
10131003
10271002
10061133
10241037
10311003
10061134
10251005
10251006
10061135
10251007
10061138
10161033
10161037
10321001
10311008
10271003
10271072
10061146
10241038
10261044
10261048
10251008
10381001
10381002
10381003
10271073
10271074
10271067
10321002
10201017
10131072
10131073
10131074
10131075
10011923
10131077
10131078
10131080
10321003
10261057
10261058
10261060
10261061
10261062
10131083
10261050
10131087
10311015
10311016
10261063
10251009
10011926
10011927
10011929
10011930
10251010
10261052
10011936
10011939
10381004
10201019
10201020
10151079
10341005
10241039
10011944
10241040
10161038
10171007
10261041
10261065
10261066
10011946
10161039
10171008
10171009
10311018
10311019
10251011
10171010
10101014
10271075
10321004
10131137
10171011
10131139
10381006
10261069
10101015
10011937
10011951
10311020
10011954
10381007
10381008
10161040
10261071
10011961
10011962
10011970
10011971
10011974
10011976
10011982
10011995
10012005
10012013
10012017
10012016
10012029
10061151
10061155
10261070
10311024
10311025
10261072
10261073
10061136
10061147
10061148
10061149
10061150
10061160
10061159
10012034
10012055
10012065
10012066
10012035
10311026
10271077
10271078
10131142
10131143
10161041
10261074
10311030
10261075
10311032
10012072
10012078
10012085
10012086
10012073
10251012
10171012
10171013
10161042
10161044
10391018
10391021
10391022
10081017
10311039
10271079
10131153
10131151
10012116
10012115
10012120
10311041
10241042
10261078
10351001
10351002
10351003
10311042
10131156
10201032
10201033
10201034
10201035
10271084
10261079
10311043
10081019
10081018
10081020
10171014
10061162
10061164
10061165
10061166
10061167
10061171
10061172
10061173
10261080
10401216
10251013
10161052
10061177
10061179
10012122
10012131
10012137
10012139
10012140
10012142
10012144
10012146
10012147
10012138
10291001
10291002
10291003
10291004
10291005
10291006
10291007
10291008
10291009
10291010
10291011
10291012
10291013
10291014
10181067
10181068
10181071
10181072
10181073
10181074
10271086
10271085
10311045
10161062
10161061
10251014
10181076
10181078
10181079
10261085
10311029
10351004
10351005
10351006
10311027
10261087
10161064
10271087
10271088
10271089
10161068
10012154
10010900
10012060
10012158
10012161
10012162
10012163
10012169
10012171
10012177
10012181
10012185
10141227
10131146
10131149
10131154
10131157
10131158
10131141
10261090
10261091
10261092
10261094
10161069
10161070
10201036
10201037
10201038
10131236
10201039
10131237
10131238
10131240
10251015
10351009
10201040
10201041
10261095
10131160
10131164
10131166
10131167
10131169
10131171
10061181
10131173
10131175
10061185
10161071
10131174
10131176
10131177
10131180
10131185
10261097
10261098
10261099
10131187
10261102
10261105
10061191
10012153
10012189
10012190
10012200
10012206
10012208
10012209
10012212
10012223
10261106
10261107
10061192
10061193
10341013
10311053
10061195
10061197
10061198
10061199
10061200
10061201
10061202
10131242
10061204
10061207
10061208
10131245
10131246
10131247
10261114
10261115
10131248
10012226
10012233
10012234
10012241
10012245
10012250
10012252
10012253
10012255
10012261
10012257
10271109
10271091
10271092
10271156
10271157
10271158
10271159
10271160
10271161
10011900
10131147
